m=[1 2 3;4 5 6]
v=colon(20,-2,10)